@
Right Bicep Curl
+
HandRight
0.818945
-1.603632
-0.5701631
~
0.81257
-1.599769
-0.5699136
~
0.808118
-1.600835
-0.5727707
~
0.8040864
-1.595687
-0.5760742
~
0.7999294
-1.6199
-0.6160319
~
0.7631577
-1.589954
-0.6877344
~
0.7632865
-1.526329
-0.7828931
~
0.7458267
-1.425638
-0.9001233
~
0.7301833
-1.324959
-0.9785615
~
0.7139472
-1.210328
-1.055367
~
0.7116535
-1.100187
-1.07781
~
0.7115287
-1.008448
-1.137975
~
0.7089784
-0.9348478
-1.19763
~
0.6965356
-0.7923825
-1.24584
~
0.6509132
-0.7507574
-1.270593
~
0.6153211
-0.7105697
-1.281474
~
0.6604485
-0.5541109
-1.304434
~
0.6883358
-0.4901873
-1.308951
~
0.6504329
-0.3865961
-1.114974
~
0.6118043
-0.1352764
-1.399714
~
0.6388803
-0.1220178
-1.373487
~
0.648387
-0.07158592
-1.186737
~
0.6173052
0.1561957
-1.357464
~
0.6061338
0.2307674
-1.254318
~
0.604876
0.235397
-1.09951
~
0.5353611
0.3637785
-1.043882
~
0.510305
0.3254998
-0.8540034
~
0.4644595
0.3432718
-0.7166836
~
0.4500311
0.2754147
-0.6267315
~
0.4311552
0.2587264
-0.5618234
~
0.421429
0.256251
-0.5486116
~
0.4178784
0.2522402
-0.5379319
~
0.4152141
0.2513217
-0.5329802
~
+
WristRight
0.7839644
-1.376529
-0.4786467
~
0.7774013
-1.372197
-0.4754508
~
0.7705643
-1.373568
-0.4758342
~
0.7687426
-1.374218
-0.4765679
~
0.7493455
-1.373763
-0.4823035
~
0.6960956
-1.360885
-0.5297527
~
0.7062828
-1.315238
-0.5974083
~
0.6887738
-1.236969
-0.6902382
~
0.6815698
-1.180272
-0.7328081
~
0.6767832
-1.086998
-0.7945901
~
0.6819468
-0.9912093
-0.8074838
~
0.6825657
-0.9276537
-0.8553756
~
0.6796988
-0.8728561
-0.9085889
~
0.663441
-0.7372341
-0.9558153
~
0.622228
-0.7392644
-0.9745797
~
0.5818856
-0.7406352
-0.9877429
~
0.6368754
-0.6520742
-1.023929
~
0.6819422
-0.6291753
-1.042889
~
0.6471934
-0.4639097
-0.9876418
~
0.6245196
-0.3396679
-1.169452
~
0.655935
-0.3322908
-1.139593
~
0.6634699
-0.184506
-1.097099
~
0.6620644
-0.09800254
-1.149221
~
0.6613171
-0.05333523
-1.079869
~
0.6187956
0.03006254
-0.9554231
~
0.5990088
0.04879303
-0.9170599
~
0.5692886
0.08498979
-0.8188327
~
0.5243919
0.1065324
-0.7085386
~
0.4880796
0.1086597
-0.6424404
~
0.4766866
0.09060812
-0.6023878
~
0.4697923
0.08288146
-0.5915985
~
0.4716557
0.08391502
-0.5537841
~
0.4648653
0.07903876
-0.5593519
~
+
ElbowRight
0.6353795
-0.7736686
-0.2073011
~
0.6301534
-0.7696254
-0.2083157
~
0.6264675
-0.7703347
-0.2107153
~
0.6244823
-0.7713642
-0.2128938
~
0.6213057
-0.7700499
-0.2125793
~
0.6191837
-0.7685066
-0.2111338
~
0.6149535
-0.7621782
-0.2096068
~
0.6070571
-0.7502871
-0.2122067
~
0.5998617
-0.7279826
-0.2210559
~
0.5870904
-0.6977022
-0.2318556
~
0.5734798
-0.6249402
-0.2316821
~
0.572861
-0.6220229
-0.243044
~
0.5808539
-0.6152815
-0.2677378
~
0.5770901
-0.6130091
-0.2736891
~
0.5928026
-0.6088125
-0.2881969
~
0.6008731
-0.6009465
-0.3050101
~
0.5855919
-0.5956371
-0.3303933
~
0.5536404
-0.5915067
-0.3567865
~
0.6289766
-0.6716437
-0.3166025
~
0.7043511
-0.6381336
-0.5285003
~
0.7105047
-0.6376174
-0.4810555
~
0.7390221
-0.6205139
-0.5052659
~
0.7607677
-0.5599856
-0.5515645
~
0.7744367
-0.5731242
-0.5200506
~
0.783039
-0.5768085
-0.5101362
~
0.8022062
-0.5837438
-0.5056425
~
0.77697
-0.5670556
-0.4824576
~
0.7455735
-0.5601323
-0.4758849
~
0.7130579
-0.551661
-0.4682371
~
0.6970986
-0.5617376
-0.4420265
~
0.6899287
-0.5622887
-0.4299431
~
0.6848465
-0.5652482
-0.4233117
~
0.681623
-0.5648767
-0.4195783
~
---
@
Right Straight Punch
+
HandRight
0.6574783
-1.574664
-0.5813056
~
0.6536463
-1.560454
-0.6020833
~
0.6426542
-1.508445
-0.6359196
~
0.6262797
-1.415666
-0.6666982
~
0.6211914
-1.27903
-0.6667326
~
0.6385642
-1.164557
-0.73443
~
0.6286098
-1.031027
-0.9868865
~
0.4537162
-0.7294593
-0.8275712
~
0.6246852
-0.487206
-0.9472553
~
0.6144671
-0.2922527
-0.9569879
~
0.6174601
-0.08550689
-1.097528
~
0.6021808
0.03586207
-1.097548
~
0.599724
0.1109399
-1.086349
~
0.5738364
0.1425335
-1.07731
~
0.5447751
0.2196078
-1.156701
~
0.5282735
0.2742395
-1.251161
~
0.4896081
0.3320226
-1.301454
~
0.4147651
0.3953331
-1.366851
~
0.3888307
0.4152882
-1.370836
~
0.3569078
0.4349108
-1.390566
~
0.3385134
0.4760672
-1.437958
~
0.322374
0.4935778
-1.478384
~
0.2859218
0.5275398
-1.550117
~
0.2693327
0.5388198
-1.662126
~
0.2596441
0.5411131
-1.698517
~
0.2603995
0.545038
-1.74944
~
0.264012
0.5634348
-1.801374
~
0.2440625
0.6088257
-1.888426
~
0.2557655
0.6057323
-1.915249
~
0.2751978
0.6018211
-1.934235
~
0.2976317
0.5798387
-1.951511
~
0.321043
0.5654391
-1.992841
~
0.3480546
0.5417058
-2.030487
~
+
WristRight
0.6358989
-1.357927
-0.4817741
~
0.6378487
-1.344817
-0.4810632
~
0.6371557
-1.331326
-0.491641
~
0.6362799
-1.294907
-0.5206864
~
0.6374241
-1.111685
-0.4716066
~
0.6549719
-1.025249
-0.5159212
~
0.6251236
-0.9308733
-0.7371478
~
0.6389681
-0.6957372
-0.7735413
~
0.6279915
-0.5314952
-0.7547485
~
0.6378634
-0.3665525
-0.7741232
~
0.7183169
-0.2034132
-0.8671271
~
0.7186311
-0.1058361
-0.8829499
~
0.7248909
-0.04268346
-0.8899422
~
0.715562
0.06830229
-0.9499492
~
0.6855264
0.09955777
-1.012398
~
0.6657506
0.1461499
-1.113024
~
0.6218439
0.2116883
-1.177021
~
0.5505898
0.3005385
-1.245906
~
0.5170535
0.3090484
-1.230825
~
0.4813528
0.3378866
-1.265203
~
0.4626223
0.3655297
-1.295241
~
0.4373157
0.391916
-1.343487
~
0.3883968
0.4389613
-1.412537
~
0.3745578
0.4484106
-1.512241
~
0.3643415
0.4547343
-1.543551
~
0.31958
0.5030632
-1.66106
~
0.3343276
0.5036922
-1.664698
~
0.346455
0.5099517
-1.659756
~
0.3502761
0.5102122
-1.684476
~
0.3544441
0.5068379
-1.695101
~
0.3695576
0.463068
-1.635723
~
0.3709754
0.4521402
-1.647359
~
0.3778005
0.4360216
-1.704647
~
+
ElbowRight
0.5914515
-0.773633
-0.1638718
~
0.5992733
-0.7651961
-0.1279519
~
0.606555
-0.7561578
-0.09780536
~
0.6020147
-0.7442091
-0.06932348
~
0.605501
-0.701063
-0.015283
~
0.6087704
-0.6842298
0.003207114
~
0.6146652
-0.6304126
0.05055714
~
0.6188658
-0.5817963
0.07359839
~
0.6384242
-0.6712499
-0.1080046
~
0.7117334
-0.6011416
-0.1572067
~
0.8590823
-0.5331342
-0.3052745
~
0.9118258
-0.482247
-0.3575174
~
0.9280578
-0.4128336
-0.3747629
~
0.936363
-0.3468413
-0.4191453
~
0.9365088
-0.2648022
-0.5064461
~
0.9274357
-0.2026047
-0.5906092
~
0.9069077
-0.1307721
-0.6798387
~
0.885632
-0.1020624
-0.6976104
~
0.831308
-0.02594718
-0.7840762
~
0.7882642
0.01267664
-0.8253247
~
0.7643518
0.04229809
-0.8445648
~
0.7307827
0.05902037
-0.8582274
~
0.6782104
0.1190847
-0.934096
~
0.6691985
0.1063195
-0.9829436
~
0.6396838
0.08853674
-0.923075
~
0.5796358
0.2019985
-1.1426
~
0.576387
0.2065547
-1.136215
~
0.5532175
0.2249643
-1.121774
~
0.5001273
0.2463394
-1.122578
~
0.4915624
0.2481814
-1.121872
~
0.4444278
0.1965983
-0.9662433
~
0.4390284
0.2005327
-0.9701188
~
0.4387764
0.1990627
-0.9729514
~
---
@
Left Bicep Curl
+
ElbowLeft
-0.6588769
-0.7045977
-0.2853756
~
-0.6537882
-0.7035186
-0.2915241
~
-0.6433064
-0.6946574
-0.2967227
~
-0.6375643
-0.6873283
-0.3022646
~
-0.6290043
-0.6858926
-0.3180088
~
-0.5757486
-0.7462014
-0.3620301
~
-0.5700034
-0.7415801
-0.3638524
~
-0.5685883
-0.7227113
-0.3568176
~
-0.5615404
-0.7037708
-0.3588755
~
-0.6547172
-0.5478893
-0.3420343
~
-0.6628605
-0.5485025
-0.3394642
~
-0.6760952
-0.5463477
-0.3411275
~
-0.6243215
-0.5598615
-0.3526018
~
-0.5960888
-0.5650604
-0.3615159
~
-0.5953549
-0.5701383
-0.3623553
~
-0.5152537
-0.6135396
-0.3646323
~
-0.6913419
-0.5905596
-0.7306358
~
-0.7182392
-0.5874749
-0.7537422
~
-0.7946069
-0.5825473
-0.450398
~
-0.8178498
-0.6025461
-0.4682356
~
-0.8110232
-0.5430979
-0.552881
~
-0.8070638
-0.5286973
-0.556783
~
-0.8062319
-0.5307664
-0.5522729
~
-0.8074859
-0.525762
-0.5374625
~
-0.8284695
-0.554687
-0.548069
~
-0.8202071
-0.514314
-0.5532699
~
-0.8248842
-0.5218357
-0.554395
~
-0.8246195
-0.5190287
-0.556953
~
-0.830863
-0.478058
-0.5829567
~
-0.83166
-0.4774377
-0.5829718
~
-0.7803093
-0.496289
-0.5183153
~
-0.7780913
-0.4989102
-0.5160671
~
-0.7555731
-0.4951183
-0.5136872
~
+
WristLeft
-0.7401643
-1.290669
-0.6123831
~
-0.7207872
-1.266123
-0.6302085
~
-0.6922044
-1.193983
-0.6382912
~
-0.6751932
-1.159743
-0.6857035
~
-0.6589943
-1.108599
-0.7601318
~
-0.672017
-1.073332
-0.8792469
~
-0.6809198
-0.9535906
-0.9392102
~
-0.682636
-0.8419345
-0.9582665
~
-0.7111366
-0.7045335
-0.9652981
~
-0.6294353
-0.7569507
-0.9292946
~
-0.6142991
-0.7137753
-0.9424295
~
-0.6124848
-0.5873895
-1.177148
~
-0.6288502
-0.6732374
-0.975148
~
-0.6226248
-0.623235
-0.9934742
~
-0.6023673
-0.4208044
-1.200372
~
-0.6187952
-0.4875769
-1.056922
~
-0.5938931
-0.3346346
-1.319751
~
-0.5988929
-0.2707842
-1.324802
~
-0.6675568
-0.3112995
-1.140942
~
-0.6750859
-0.2287377
-1.120379
~
-0.6305285
-0.03211775
-1.1373
~
-0.6279169
-0.01583704
-1.108109
~
-0.6256021
-0.003538715
-1.025881
~
-0.6216472
0.04239826
-0.9761404
~
-0.639344
0.05841627
-0.9212561
~
-0.6266389
0.07192887
-0.8966231
~
-0.6294498
0.07607691
-0.8832034
~
-0.6281461
0.09657886
-0.8482422
~
-0.6157386
0.174405
-0.7093368
~
-0.6170036
0.1819959
-0.6738921
~
-0.580166
0.1310498
-0.5796527
~
-0.5803622
0.128203
-0.5669943
~
-0.5663851
0.1295395
-0.5654284
~
+
HandLeft
-0.7357682
-1.498779
-0.7419901
~
-0.7121088
-1.470431
-0.7793384
~
-0.6974482
-1.398777
-0.8045766
~
-0.6817425
-1.344453
-0.8741888
~
-0.663636
-1.269096
-0.9693099
~
-0.6734932
-1.210806
-1.105607
~
-0.6740649
-1.074472
-1.174896
~
-0.6747258
-0.9343112
-1.20603
~
-0.6261868
-0.8522665
-1.196872
~
-0.6233469
-0.7557718
-1.208902
~
-0.6138122
-0.6620846
-1.39575
~
-0.5912814
-0.6010702
-1.442806
~
-0.6072829
-0.549928
-1.368851
~
-0.6086249
-0.5002011
-1.333615
~
-0.6047047
-0.3710265
-1.466498
~
-0.6079668
-0.3925582
-1.274397
~
-0.5718884
-0.20172
-1.473455
~
-0.5591108
-0.1652205
-1.501325
~
-0.6222513
-0.1589555
-1.286368
~
-0.6325461
-0.06122416
-1.255149
~
-0.6153607
0.1042122
-1.309617
~
-0.6079662
0.1767218
-1.213971
~
-0.5901144
0.1954625
-1.115376
~
-0.5806658
0.2470488
-1.05337
~
-0.5862024
0.2581515
-1.016095
~
-0.5947457
0.2335012
-0.9213128
~
-0.5894337
0.2527357
-0.8557221
~
-0.5895839
0.2636715
-0.8059191
~
-0.5643789
0.3986123
-0.7015783
~
-0.5685443
0.4075122
-0.658178
~
-0.5401457
0.344831
-0.5528165
~
-0.5440248
0.341534
-0.5350571
~
-0.5300727
0.3409252
-0.5317327
~
---
@
Left Straight Punch
+
ElbowLeft
-0.6408809
-0.7174478
-0.1776709
~
-0.641224
-0.7155017
-0.1776499
~
-0.6418095
-0.713171
-0.1769637
~
-0.6363703
-0.719592
-0.1775144
~
-0.6386091
-0.7122181
-0.1723904
~
-0.6402868
-0.7041663
-0.1639
~
-0.6436318
-0.694481
-0.151357
~
-0.6425276
-0.6974738
-0.1484194
~
-0.6702135
-0.5843344
-0.08024766
~
-0.7780053
-0.5095398
-0.01009684
~
-0.7524508
-0.522603
-0.05261082
~
-0.7188358
-0.5510555
-0.1288193
~
-0.7784666
-0.5316846
-0.1522529
~
-0.8328795
-0.4866436
-0.1964891
~
-0.8873222
-0.4233447
-0.3238682
~
-0.8848545
-0.391116
-0.3651948
~
-0.88462
-0.2646321
-0.5091273
~
-0.892989
-0.2453211
-0.5343698
~
-0.8098651
-0.03382652
-0.7549387
~
-0.8133212
-0.04985047
-0.7212768
~
-0.7896414
0.005273783
-0.7554803
~
-0.7576684
0.0482124
-0.7935927
~
-0.7168171
0.08750603
-0.8203095
~
-0.5857134
0.2299946
-0.9748459
~
-0.5656418
0.2210704
-0.8808286
~
-0.5847686
0.2440827
-0.8966311
~
-0.4844734
0.2563495
-0.9888614
~
-0.5679057
0.2353422
-0.9522549
~
-0.5627111
0.2345447
-0.9558954
~
-0.5623131
0.2398553
-0.9535401
~
-0.6052582
0.224066
-0.986993
~
-0.5883185
0.251718
-0.957014
~
-0.5741613
0.2487995
-0.9519542
~
+
WristLeft
-0.6828634
-1.283452
-0.4740995
~
-0.6865134
-1.288677
-0.4707776
~
-0.689237
-1.290673
-0.4718548
~
-0.6913849
-1.286729
-0.4729322
~
-0.6913055
-1.267149
-0.4814851
~
-0.6805652
-1.237763
-0.5077328
~
-0.6887084
-1.148253
-0.5484015
~
-0.6790237
-1.057703
-0.6430377
~
-0.6793016
-0.8858029
-0.6147224
~
-0.68813
-0.7415647
-0.5723992
~
-0.6573406
-0.5139728
-0.6902236
~
-0.6600445
-0.4030029
-0.7501648
~
-0.759728
-0.2787199
-0.725081
~
-0.7673395
-0.1865904
-0.7488787
~
-0.7142856
-0.07261936
-0.817224
~
-0.732634
0.01153679
-0.8316824
~
-0.6730605
0.121902
-0.9513753
~
-0.665201
0.1416608
-0.9656663
~
-0.5347706
0.3417968
-1.168932
~
-0.5453845
0.3475619
-1.21325
~
-0.5297213
0.3825551
-1.275499
~
-0.5106793
0.4244459
-1.372658
~
-0.4733019
0.473793
-1.475804
~
-0.4636189
0.4873442
-1.520291
~
-0.4717271
0.4617832
-1.489285
~
-0.4613626
0.4432102
-1.504961
~
-0.4763409
0.4632762
-1.629529
~
-0.4689246
0.4409289
-1.588045
~
-0.4613557
0.4313377
-1.595732
~
-0.4532541
0.4278618
-1.59394
~
-0.4905844
0.4313219
-1.668804
~
-0.4639643
0.438594
-1.604123
~
-0.4500562
0.4311476
-1.592728
~
+
HandLeft
-0.6707078
-1.467739
-0.5651799
~
-0.6736719
-1.469462
-0.5625835
~
-0.6763645
-1.469109
-0.5617659
~
-0.6774403
-1.465492
-0.5638204
~
-0.6705468
-1.430247
-0.586531
~
-0.663203
-1.384569
-0.6337522
~
-0.6628475
-1.301903
-0.6953646
~
-0.6648552
-1.156164
-0.8079904
~
-0.6558427
-0.9659228
-0.8609187
~
-0.6200396
-0.7071697
-0.8754559
~
-0.6334165
-0.5243152
-0.8805325
~
-0.6404474
-0.3536521
-0.9445816
~
-0.6788168
-0.1754537
-0.9547989
~
-0.6917152
-0.1961124
-0.7749614
~
-0.6066006
0.09340668
-0.9982252
~
-0.5943961
0.1213526
-0.9685528
~
-0.5348535
0.2812772
-1.115658
~
-0.5387623
0.3018975
-1.137706
~
-0.4451222
0.4163795
-1.288534
~
-0.4141065
0.4778322
-1.391371
~
-0.4049418
0.5116597
-1.469131
~
-0.3943065
0.5390846
-1.5745
~
-0.3902135
0.5617903
-1.662526
~
-0.396145
0.5762255
-1.768058
~
-0.4203538
0.5805365
-1.855683
~
-0.444142
0.5368643
-1.864668
~
-0.4638211
0.527405
-1.922347
~
-0.4482692
0.5438337
-2.08075
~
-0.4453827
0.541918
-2.086395
~
-0.4406072
0.542096
-2.083282
~
-0.4761145
0.5573285
-2.193715
~
-0.4399373
0.5573496
-2.058999
~
-0.4268461
0.5510036
-2.050637
~
---
@
Raise Both Hands
+
ElbowLeft
-0.6078869
-0.7139503
-0.2308316
~
-0.6106138
-0.7110993
-0.2310279
~
-0.6136526
-0.710051
-0.2329363
~
-0.6153458
-0.7079628
-0.2350024
~
-0.6142782
-0.7078341
-0.2391887
~
-0.6136326
-0.707509
-0.2446457
~
-0.6088841
-0.7058595
-0.2535155
~
-0.592808
-0.7092636
-0.2830952
~
-0.582054
-0.7026113
-0.3277229
~
-0.5784975
-0.6437309
-0.3604604
~
-0.5907224
-0.5638575
-0.4239568
~
-0.6278199
-0.4688264
-0.5469595
~
-0.6436801
-0.4255568
-0.6417665
~
-0.6616749
-0.3261769
-0.7330056
~
-0.6961426
-0.1698106
-0.7679319
~
-0.7458744
-0.1349848
-0.7755959
~
-0.7187971
0.002842502
-0.8051544
~
-0.7183763
0.1331469
-0.799312
~
-0.7170443
0.2920095
-0.7582071
~
-0.7227489
0.4108686
-0.7743112
~
-0.7140883
0.4908465
-0.6820035
~
-0.6910678
0.5982035
-0.6569375
~
-0.677061
0.6290327
-0.5515082
~
-0.6544749
0.6676764
-0.443426
~
-0.628852
0.6372588
-0.3481019
~
-0.6278822
0.6635488
-0.3022985
~
-0.6163066
0.6421958
-0.2632562
~
-0.6326706
0.6749847
-0.2229078
~
-0.6384283
0.6670562
-0.2151744
~
-0.6303276
0.6607307
-0.2020808
~
-0.63581
0.6616247
-0.1923575
~
-0.6313754
0.6610752
-0.1851562
~
-0.6230341
0.6614271
-0.177426
~
+
WristLeft
-0.6944123
-1.319145
-0.5077126
~
-0.6935756
-1.316693
-0.5080385
~
-0.6965557
-1.316949
-0.5072457
~
-0.6999758
-1.313346
-0.5093648
~
-0.700275
-1.312232
-0.5142614
~
-0.6986721
-1.310906
-0.5217583
~
-0.6924171
-1.302937
-0.5452825
~
-0.6964123
-1.276531
-0.6283591
~
-0.7079684
-1.213401
-0.7540988
~
-0.7046056
-1.093374
-0.8599565
~
-0.7039949
-0.9668213
-0.969511
~
-0.7042769
-0.8381879
-1.130991
~
-0.7589506
-0.6782749
-1.298704
~
-0.766131
-0.5364113
-1.434155
~
-0.8221175
-0.4452881
-1.720404
~
-0.7720305
-0.1724856
-1.544982
~
-0.7870357
0.06623092
-1.578977
~
-0.849375
0.3664967
-1.537031
~
-0.8472645
0.5473271
-1.489247
~
-0.8513502
0.7982061
-1.425725
~
-0.8119823
0.9416621
-1.260922
~
-0.7890303
1.128781
-1.126186
~
-0.7822572
1.198751
-0.9629928
~
-0.765745
1.276199
-0.790948
~
-0.7321714
1.276586
-0.6196814
~
-0.727309
1.311393
-0.5307748
~
-0.7091463
1.30193
-0.4114265
~
-0.7073895
1.337331
-0.3559351
~
-0.7130314
1.327063
-0.3247956
~
-0.7111773
1.315217
-0.2821527
~
-0.7194748
1.320038
-0.2679918
~
-0.7197049
1.316673
-0.257468
~
-0.7193629
1.313168
-0.2529315
~
+
HandLeft
-0.6875503
-1.488066
-0.5869746
~
-0.6891539
-1.488316
-0.588866
~
-0.6905458
-1.489094
-0.5872278
~
-0.6921471
-1.487176
-0.5905957
~
-0.6913725
-1.486183
-0.5951107
~
-0.6900803
-1.484557
-0.6022795
~
-0.6826122
-1.476211
-0.6281298
~
-0.6849902
-1.426
-0.704112
~
-0.7120919
-1.439736
-0.9037594
~
-0.7077572
-1.295955
-1.044709
~
-0.7062953
-1.110036
-1.134822
~
-0.730487
-1.004817
-1.352965
~
-0.7818348
-0.8179452
-1.545135
~
-0.8009497
-0.6064895
-1.653633
~
-0.8641092
-0.5371139
-2.023291
~
-0.7948059
-0.1902222
-1.769172
~
-0.8228741
0.08060578
-1.804056
~
-0.8761892
0.4302465
-1.842043
~
-0.8684161
0.6702105
-1.778022
~
-0.8393672
0.84649
-1.526051
~
-0.8199336
1.085643
-1.427353
~
-0.7915811
1.277657
-1.279176
~
-0.7673759
1.250464
-0.9868873
~
-0.7500583
1.302517
-0.7915353
~
-0.7520884
1.475761
-0.6875262
~
-0.7390832
1.518044
-0.5658571
~
-0.7185196
1.509464
-0.4135473
~
-0.7128087
1.543921
-0.3598472
~
-0.7150882
1.531647
-0.3162716
~
-0.7119104
1.517098
-0.2690925
~
-0.7173857
1.522785
-0.2550258
~
-0.718739
1.518309
-0.2441624
~
-0.7189558
1.513685
-0.2416676
~
+
ElbowRight
0.6290532
-0.7723514
-0.2578209
~
0.6266121
-0.7719324
-0.2590666
~
0.6239387
-0.7705705
-0.2575398
~
0.6186695
-0.7672476
-0.258606
~
0.6182998
-0.7711831
-0.2613576
~
0.6153495
-0.7672712
-0.2651297
~
0.6134965
-0.7652678
-0.2718937
~
0.6124807
-0.756391
-0.2948951
~
0.6062953
-0.7486929
-0.3380675
~
0.5819849
-0.6941547
-0.3698745
~
0.6100252
-0.575605
-0.4521741
~
0.6366588
-0.5229645
-0.5519924
~
0.6361611
-0.4310884
-0.6375512
~
0.6858071
-0.3757223
-0.7647378
~
0.7098494
-0.3500213
-0.674386
~
0.7291462
-0.3486421
-0.6606948
~
0.6878108
-0.02991643
-0.9321579
~
0.6976833
0.06681421
-0.7887378
~
0.7197856
0.2163906
-0.7510769
~
0.750797
0.3734361
-0.7751582
~
0.7241617
0.4837852
-0.6661806
~
0.7096518
0.6163017
-0.6278719
~
0.7025329
0.6839056
-0.5171965
~
0.6805961
0.6275753
-0.3609267
~
0.6824698
0.6421473
-0.2734219
~
0.6784466
0.642338
-0.2273958
~
0.67277
0.6438338
-0.1819813
~
0.6804717
0.641197
-0.144407
~
0.6716265
0.6152323
-0.1433924
~
0.6666716
0.6130138
-0.135995
~
0.6718616
0.6200207
-0.1315089
~
0.6718673
0.617909
-0.1282038
~
0.6764579
0.6138573
-0.1261536
~
+
WristRight
0.7214168
-1.383443
-0.5167229
~
0.7187662
-1.38227
-0.5200098
~
0.7158732
-1.380826
-0.5194609
~
0.7097537
-1.375711
-0.5223602
~
0.7039444
-1.379312
-0.5267627
~
0.6993579
-1.374831
-0.5317752
~
0.6949846
-1.366954
-0.553167
~
0.684827
-1.33949
-0.6186246
~
0.7017353
-1.283702
-0.739641
~
0.7224613
-1.161675
-0.84683
~
0.7199901
-1.036703
-0.9461746
~
0.7521135
-0.9453052
-1.131867
~
0.7731054
-0.8685986
-1.433655
~
0.7976812
-0.6485671
-1.476453
~
0.7945585
-0.2710882
-1.423682
~
0.7887914
-0.18786
-1.410982
~
0.8117271
-0.001393303
-1.700819
~
0.8710888
0.2515735
-1.53179
~
0.8667471
0.5524957
-1.518876
~
0.8573022
0.7887191
-1.412181
~
0.8140021
0.961309
-1.23028
~
0.7909849
1.142763
-1.105632
~
0.7843372
1.274539
-0.9006477
~
0.7546684
1.266391
-0.6526499
~
0.7539798
1.293441
-0.5222846
~
0.7410081
1.306484
-0.4083973
~
0.7264298
1.311707
-0.3027697
~
0.7210705
1.309097
-0.2559457
~
0.7137103
1.281047
-0.2117782
~
0.71061
1.278566
-0.1836885
~
0.7152988
1.29526
-0.1790408
~
0.7183068
1.293652
-0.1767612
~
0.7240261
1.288375
-0.1843151
~
+
HandRight
0.7467965
-1.546333
-0.5771348
~
0.7420761
-1.54395
-0.5791331
~
0.7400951
-1.541486
-0.578529
~
0.7376849
-1.542681
-0.5757296
~
0.7334299
-1.542097
-0.5789152
~
0.7274153
-1.541384
-0.5899035
~
0.7142363
-1.520885
-0.6250321
~
0.7159811
-1.574379
-0.7476954
~
0.7187805
-1.506825
-0.8931614
~
0.7343217
-1.378229
-1.014597
~
0.7316601
-1.20358
-1.108814
~
0.7580286
-1.072995
-1.293492
~
0.780095
-0.9950956
-1.601196
~
0.822935
-0.6820615
-1.689066
~
0.8151833
-0.4601114
-1.724324
~
0.8225431
-0.2294278
-1.833774
~
0.8502588
0.007475908
-1.925737
~
0.8628832
0.3309041
-1.820934
~
0.8712199
0.6394222
-1.747114
~
0.8646256
0.8744182
-1.584838
~
0.8353263
1.08773
-1.409322
~
0.7834733
1.29575
-1.254344
~
0.7863033
1.451285
-1.017944
~
0.779191
1.456598
-0.7440309
~
0.7622492
1.502729
-0.5505748
~
0.7425758
1.515328
-0.4297405
~
0.7325232
1.519338
-0.2989773
~
0.727468
1.515649
-0.2603753
~
0.717539
1.485697
-0.2177093
~
0.7149426
1.480371
-0.1701514
~
0.7233015
1.497703
-0.163817
~
0.7281755
1.495246
-0.1668925
~
0.7298142
1.489124
-0.1850857
~
---
