@
NextSlide
+
WristLeft
-0,7775837
-1,504302
-0,3252186
~
-0,7786365
-1,508592
-0,3278338
~
-0,7805784
-1,51379
-0,3337852
~
-0,7817361
-1,51543
-0,336234
~
-0,7823832
-1,518029
-0,3395196
~
-0,7829201
-1,520986
-0,3413451
~
-0,7831819
-1,52135
-0,3409315
~
-0,783086
-1,521157
-0,3404391
~
-0,7825264
-1,518937
-0,3389586
~
-0,7800598
-1,517668
-0,3365265
~
-0,773892
-1,502361
-0,3284874
~
-0,7570016
-1,478128
-0,324069
~
-0,7425982
-1,472634
-0,3227043
~
-0,725865
-1,470369
-0,3119624
~
-0,7089882
-1,480788
-0,2991139
~
-0,7018611
-1,483467
-0,2734297
~
-0,6854699
-1,487846
-0,2574128
~
-0,6665004
-1,491451
-0,2343107
~
-0,6536428
-1,505241
-0,2183079
~
-0,645264
-1,521995
-0,2050526
~
-0,6367068
-1,531563
-0,1930494
~
-0,6373556
-1,544418
-0,1794634
~
-0,6347181
-1,554618
-0,170588
~
-0,6383028
-1,549805
-0,1581272
~
-0,6478273
-1,558954
-0,1542699
~
-0,6540121
-1,562412
-0,1518846
~
-0,6605577
-1,568992
-0,1516091
~
-0,6669003
-1,573972
-0,1550775
~
-0,6702365
-1,579131
-0,1604481
~
-0,674967
-1,589809
-0,1691802
~
-0,6770629
-1,592287
-0,1720923
~
-0,6792501
-1,596198
-0,1749212
~
-0,6794236
-1,599143
-0,1780768
~
+
WristRight
0,7301435
-1,483544
-0,2417887
~
0,7288027
-1,48786
-0,2448699
~
0,7246689
-1,451264
-0,2328108
~
0,7247888
-1,45847
-0,2354128
~
0,7243603
-1,457664
-0,2348642
~
0,7253624
-1,473264
-0,2402958
~
0,7258554
-1,470887
-0,2388862
~
0,7255464
-1,468059
-0,2377084
~
0,7221103
-1,439186
-0,238086
~
0,7188011
-1,490674
-0,2962705
~
0,7168779
-1,460616
-0,3891039
~
0,7365761
-1,383221
-0,577524
~
0,7445232
-1,265803
-0,7461517
~
0,7562054
-1,078403
-0,8895099
~
0,7751817
-0,8704975
-1,056201
~
0,8577304
-0,5866774
-1,091241
~
0,8766259
-0,4702315
-1,182506
~
0,9665038
-0,2854533
-1,22877
~
0,8867963
-0,1364859
-1,346572
~
0,8158996
0,04851206
-1,403375
~
0,6809483
0,2274308
-1,55859
~
0,7388597
0,2685848
-1,416602
~
0,7420947
0,3091691
-1,464632
~
0,7366405
0,3496628
-1,469191
~
0,7314284
0,3730153
-1,488805
~
0,7261474
0,3876712
-1,500823
~
0,7245581
0,3928655
-1,509272
~
0,7171504
0,3896782
-1,518477
~
0,709666
0,3816361
-1,524535
~
0,7042897
0,3730418
-1,527119
~
0,7025378
0,3673914
-1,531709
~
0,7034112
0,366757
-1,535379
~
0,7041138
0,3659813
-1,533883
~
---
@
PreviousSlide
+
WristLeft
-0,7795622
-1,486317
-0,3442942
~
-0,7796756
-1,485689
-0,3450538
~
-0,7797828
-1,486231
-0,3451433
~
-0,7793757
-1,486555
-0,3453767
~
-0,7792376
-1,485988
-0,346165
~
-0,7864689
-1,467816
-0,3694213
~
-0,8300466
-1,380662
-0,5045122
~
-0,8863652
-1,231628
-0,7112612
~
-0,9400942
-0,9923475
-0,8966868
~
-0,9381734
-0,7814934
-1,123523
~
-0,9749151
-0,5679805
-1,273888
~
-1,008199
-0,2863381
-1,463208
~
-1,080278
-0,06319068
-1,311021
~
-0,9913769
0,09922955
-1,417831
~
-0,980673
0,1696997
-1,464764
~
-0,974088
0,2493007
-1,489078
~
-0,954556
0,2674019
-1,489666
~
-0,9386408
0,2763792
-1,502136
~
-0,9253027
0,2784219
-1,50754
~
-0,9108064
0,2719481
-1,515446
~
-0,905027
0,271635
-1,542043
~
-0,9028842
0,2673435
-1,54713
~
-0,9033283
0,2660103
-1,558835
~
-0,9055945
0,2637688
-1,556916
~
-0,9061512
0,2621865
-1,553367
~
-0,9064497
0,2589237
-1,550545
~
-0,9050712
0,2563746
-1,545992
~
-0,9084486
0,2571961
-1,546995
~
-0,9121701
0,2570647
-1,547666
~
-0,9122318
0,2556171
-1,5425
~
-0,9125246
0,2550346
-1,542251
~
-0,9132568
0,2566398
-1,549924
~
-0,9126401
0,2543003
-1,543579
~
+
WristRight
0,7135625
-1,435961
-0,2319394
~
0,7127243
-1,436272
-0,2319893
~
0,7128524
-1,434005
-0,2302347
~
0,7131888
-1,432588
-0,2293943
~
0,7146665
-1,444899
-0,2334827
~
0,713211
-1,435538
-0,2311681
~
0,7133212
-1,432283
-0,2307091
~
0,7169844
-1,456924
-0,2425459
~
0,7188908
-1,473434
-0,2557641
~
0,7193004
-1,482644
-0,2658221
~
0,7139407
-1,477907
-0,274199
~
0,7102456
-1,481806
-0,2844017
~
0,6988299
-1,480249
-0,2921889
~
0,694515
-1,484876
-0,2918264
~
0,6955711
-1,502687
-0,2817267
~
0,6884964
-1,521226
-0,2687082
~
0,6783404
-1,525599
-0,2464183
~
0,6757733
-1,528746
-0,2229303
~
0,6757187
-1,534432
-0,2011791
~
0,6746868
-1,494196
-0,1541591
~
0,6796286
-1,515931
-0,1535336
~
0,6844369
-1,537889
-0,1559291
~
0,687221
-1,54335
-0,1591233
~
0,6908754
-1,547855
-0,1610625
~
0,6939687
-1,548327
-0,1642393
~
0,7007501
-1,553308
-0,1788608
~
0,7054622
-1,54658
-0,1859882
~
0,7080561
-1,547533
-0,195925
~
0,70693
-1,546233
-0,2026911
~
0,7067107
-1,546647
-0,2081592
~
0,7066197
-1,545145
-0,2111782
~
0,7066041
-1,544897
-0,2121724
~
0,7061431
-1,544285
-0,212498
~
---
@
ToBlack
+
WristLeft
-0,8038844
-1,520101
-0,3158662
~
-0,8018606
-1,520312
-0,3150175
~
-0,800492
-1,520575
-0,3169981
~
-0,7984294
-1,522321
-0,3207087
~
-0,7960284
-1,519008
-0,3265705
~
-0,7940877
-1,513852
-0,3330249
~
-0,8113251
-1,502858
-0,3671781
~
-0,9197161
-1,448756
-0,5585347
~
-1,084408
-1,227624
-0,7967917
~
-1,20381
-0,8695976
-1,003804
~
-1,336593
-0,3933179
-1,15429
~
-1,353723
0,165989
-1,163205
~
-1,315151
0,4454415
-0,9099312
~
-1,301566
0,5583536
-0,739549
~
-1,29404
0,605287
-0,6643598
~
-1,274019
0,6445373
-0,6034352
~
-1,244645
0,6631839
-0,554119
~
-1,228066
0,666039
-0,5343693
~
-1,215861
0,6656332
-0,525851
~
-1,21368
0,6656402
-0,5234704
~
-1,212588
0,6651209
-0,5216926
~
-1,211517
0,6642835
-0,5215035
~
-1,212019
0,6616073
-0,5259714
~
-1,212355
0,6591319
-0,5315787
~
-1,215112
0,6553258
-0,538407
~
-1,216364
0,6530982
-0,5427582
~
-1,217502
0,6492342
-0,5469754
~
-1,218257
0,6468743
-0,5466611
~
-1,220111
0,6450028
-0,5464565
~
-1,221066
0,6417196
-0,5473096
~
-1,221589
0,6404576
-0,5470727
~
-1,219228
0,6375715
-0,5458251
~
-1,221214
0,6383955
-0,545552
~
+
WristRight
0,7149152
-1,432803
-0,1987662
~
0,7167701
-1,432675
-0,1988152
~
0,7178614
-1,428645
-0,1982629
~
0,7164097
-1,431653
-0,2038141
~
0,7137744
-1,431431
-0,2099389
~
0,7108804
-1,428339
-0,2156037
~
0,7143505
-1,443731
-0,2592221
~
0,7780712
-1,431626
-0,4542507
~
0,9291816
-1,205652
-0,6925482
~
1,048465
-0,8305266
-0,8710315
~
1,083514
-0,4767597
-1,096194
~
1,318442
-0,04999722
-0,8533469
~
1,216694
0,412425
-0,8416782
~
1,201177
0,5611435
-0,6064994
~
1,182991
0,6552693
-0,4852278
~
1,06846
0,7127461
-0,333768
~
1,019243
0,7424816
-0,2742813
~
1,003391
0,74729
-0,2514483
~
0,9940147
0,7485095
-0,2422462
~
0,9906523
0,750176
-0,2367371
~
0,9900349
0,7500589
-0,2334408
~
0,9893638
0,7497754
-0,2317208
~
0,9887957
0,7482361
-0,2308473
~
0,9861968
0,7491698
-0,2322426
~
0,9866508
0,7477059
-0,2383795
~
0,9896433
0,7450333
-0,2470296
~
0,9922484
0,7429723
-0,2524647
~
0,9936879
0,742148
-0,2547581
~
0,9969649
0,7397518
-0,2575164
~
0,9987078
0,7374355
-0,2592376
~
1,000237
0,7354829
-0,2601706
~
0,999576
0,7318962
-0,2617743
~
1,002243
0,7325355
-0,2614241
~
---
